[header]
width=32
height=32
tilewidth=21
tileheight=21
orientation=orthogonal

[tilesets]
tileset=spritesheet.png,21,21,0,0

[layer]
type=Tile Layer 1
data=
0,0,0,0,0,0,0,0,0,0,0,0,0,0,0,0,0,0,0,0,0,0,0,0,0,0,0,0,0,0,0,0,
0,0,0,0,0,0,0,0,0,0,0,0,0,0,0,0,0,0,0,0,0,0,0,0,0,0,0,0,0,0,0,0,
0,0,0,0,0,0,0,0,0,0,0,0,0,0,0,0,0,0,0,0,0,0,0,0,0,0,0,0,0,0,0,0,
0,0,0,0,0,0,0,0,0,0,0,0,0,0,0,0,0,0,0,0,0,0,0,0,0,0,0,0,0,0,0,0,
0,0,0,0,0,0,0,0,0,0,0,0,0,0,0,0,0,0,0,0,0,0,0,0,0,0,0,0,0,0,0,0,
0,0,0,0,0,0,0,0,0,0,0,0,0,0,0,0,0,0,0,0,0,0,0,0,0,0,0,0,0,0,0,0,
0,0,0,0,0,0,0,0,0,0,0,0,0,0,0,0,0,0,0,0,0,0,0,0,0,0,0,0,0,0,0,0,
0,0,0,0,0,0,0,0,0,0,0,0,0,0,0,0,0,0,0,0,0,0,0,0,0,0,0,0,0,0,0,0,
0,0,0,0,0,0,0,0,0,0,0,0,0,0,0,0,0,0,0,0,0,0,0,0,0,0,0,0,0,0,0,0,
0,0,0,0,0,0,0,0,0,0,0,0,0,0,0,0,0,0,0,0,0,0,0,0,0,0,0,0,0,0,0,0,
0,0,0,0,0,0,0,0,0,0,0,0,0,0,0,0,0,0,0,0,0,0,0,0,0,0,0,0,0,0,0,0,
0,0,0,0,0,0,0,0,0,0,0,0,0,0,0,0,0,0,0,0,0,0,0,0,0,0,0,0,0,0,0,0,
0,0,0,0,0,0,0,0,0,0,796,796,796,796,796,796,796,796,796,796,796,796,0,0,0,0,0,0,0,0,0,0,
0,0,0,0,0,0,0,0,0,0,889,767,736,736,736,736,736,736,736,736,768,859,0,0,0,0,0,0,0,0,0,0,
0,0,0,0,0,0,0,0,0,0,0,0,889,736,736,736,736,736,736,859,0,0,0,0,0,0,0,0,0,0,0,0,
0,0,0,0,0,0,0,0,0,0,0,0,0,0,0,0,0,0,0,0,0,0,0,0,0,0,0,0,0,0,0,0,
0,0,0,0,0,0,0,0,0,0,0,0,0,0,0,0,0,0,0,0,0,0,0,0,0,0,0,0,0,0,0,0,
0,0,63,63,63,63,63,63,0,0,0,0,0,0,0,0,0,0,0,0,0,0,0,0,63,63,63,63,64,64,0,0,
0,0,93,93,93,93,93,93,0,0,0,0,0,0,0,0,0,0,0,0,0,0,0,0,93,93,93,93,93,93,0,0,
0,0,93,93,93,93,93,93,0,0,0,0,0,0,0,0,0,0,0,0,0,0,0,0,93,93,93,93,93,93,0,0,
0,0,0,0,0,0,0,0,0,0,0,0,0,0,0,0,0,0,0,0,0,0,0,0,0,0,0,0,0,0,0,0,
0,0,0,0,0,0,0,0,0,0,0,0,0,0,0,0,0,0,0,0,0,0,0,0,0,0,0,0,0,0,0,0,
0,0,0,0,0,0,0,0,0,0,0,0,0,0,0,0,0,0,0,0,0,0,0,0,0,0,0,0,0,0,0,0,
0,0,557,557,557,557,557,557,557,557,0,0,66,62,62,62,62,62,62,96,0,0,557,557,557,557,557,557,557,557,0,0,
0,0,93,557,557,557,557,557,557,557,0,0,0,93,93,93,93,93,93,0,0,0,557,557,557,557,557,557,557,93,0,0,
0,0,93,93,93,93,93,93,0,0,0,0,0,93,93,93,93,93,93,0,0,0,0,0,93,93,93,93,93,93,0,0,
0,0,93,93,93,93,93,93,0,0,0,0,0,93,93,93,93,93,93,0,0,0,0,0,93,93,93,93,93,93,0,0,
0,0,93,93,93,93,93,93,0,0,0,0,0,93,93,93,93,93,93,0,0,0,0,0,93,93,93,93,93,93,0,0,
0,0,93,93,93,93,93,93,0,0,0,0,0,93,93,93,93,93,93,0,0,0,0,0,93,93,93,93,93,93,0,0,
0,0,93,93,93,93,93,93,0,0,0,0,0,93,93,93,93,93,93,0,0,0,0,0,93,93,93,93,93,93,0,0,
0,0,93,93,93,93,93,93,0,0,0,0,0,93,93,93,93,93,93,0,0,0,0,0,93,93,93,93,93,93,0,0,
0,0,93,93,93,93,93,93,0,0,0,0,0,93,93,93,93,93,93,0,0,0,0,0,93,93,93,93,93,93,0,0

[Object Layer 1]
# Player1
type=ENTITY_PLAYER1_START
location=3,16,1,1

[Object Layer 1]
# Player2
type=ENTITY_PLAYER2_START
location=28,16,1,1

