[header]
width=32
height=32
tilewidth=21
tileheight=21
orientation=orthogonal

[tilesets]
tileset=spritesheet.png,21,21,0,0

[layer]
type=Tile Layer 1
data=
0,0,0,0,0,0,0,0,0,0,0,0,0,0,0,0,0,0,0,0,0,0,0,0,0,0,0,0,0,0,0,0,
0,0,0,0,0,0,0,0,0,0,0,0,0,0,0,0,0,0,0,0,0,0,0,0,0,0,0,0,0,0,0,0,
0,0,0,0,0,0,0,0,0,0,0,0,0,0,0,0,0,0,0,0,0,0,0,0,0,0,0,0,0,0,0,0,
0,0,0,0,0,0,0,0,0,0,0,0,0,0,0,0,0,0,0,0,0,0,0,0,0,0,0,0,0,0,0,0,
0,0,0,0,0,0,0,0,0,0,0,0,0,0,0,0,0,0,0,0,0,0,0,0,0,0,0,0,0,0,0,0,
0,0,0,0,0,0,0,0,0,0,0,0,0,0,0,0,0,0,0,0,0,0,0,0,0,0,0,0,0,0,0,0,
0,0,0,0,0,0,0,0,0,0,0,0,0,0,0,0,0,0,0,0,0,0,0,0,0,0,0,0,0,0,0,0,
0,0,0,0,0,0,0,0,0,0,0,0,0,0,0,484,484,0,0,0,0,0,0,0,0,0,0,0,0,0,0,0,
0,0,0,0,0,0,0,0,0,0,0,0,0,0,0,0,0,0,0,0,0,0,0,0,0,0,0,0,0,0,0,0,
0,0,0,0,0,0,0,0,0,0,0,0,0,0,0,0,0,0,0,0,0,0,0,0,0,0,0,0,0,0,0,0,
0,0,0,0,0,0,0,0,0,0,0,0,0,0,0,0,0,0,0,0,0,0,0,0,0,0,0,0,0,0,0,0,
0,0,0,0,0,0,0,0,0,0,484,484,0,0,0,0,0,0,0,0,484,484,0,0,0,0,0,0,0,0,0,0,
0,0,0,0,0,0,0,0,0,0,0,0,0,0,0,0,0,0,0,0,0,0,0,0,0,0,0,0,0,0,0,0,
0,660,660,660,660,660,660,0,0,0,0,0,0,0,0,0,0,0,0,0,0,0,0,0,0,660,660,660,660,660,660,0,
0,660,660,660,660,660,660,0,0,0,0,0,0,0,0,0,0,0,0,0,0,0,0,0,0,660,660,660,660,660,660,0,
0,660,660,660,660,660,660,0,0,0,0,0,0,0,0,0,0,0,0,0,0,0,0,0,0,660,660,660,660,660,660,0,
0,0,0,0,0,0,0,0,0,0,0,0,0,0,0,0,0,0,0,0,0,0,0,0,0,0,0,0,0,0,0,0,
0,0,0,0,0,0,0,0,0,0,0,0,0,0,0,0,0,0,0,0,0,0,0,0,0,0,0,0,0,0,0,0,
0,0,0,0,0,0,0,0,0,0,0,0,0,0,0,0,0,0,0,0,0,0,0,0,0,0,0,0,0,0,0,0,
0,0,0,0,0,0,0,0,0,0,0,0,0,0,0,0,0,0,0,0,0,0,0,0,0,0,0,0,0,0,0,0,
0,0,0,0,0,0,0,0,0,0,0,0,841,841,841,841,841,841,841,841,0,0,0,0,0,0,0,0,0,0,0,0,
0,0,0,0,0,0,0,0,0,0,0,0,724,728,728,728,728,728,728,726,0,0,0,0,0,0,0,0,0,0,0,0,
0,0,0,0,0,0,0,0,0,0,0,0,694,728,761,728,728,728,701,726,0,0,0,0,0,0,0,0,0,0,0,0,
0,0,0,0,0,0,0,0,0,0,0,0,694,728,728,728,728,728,731,726,0,0,0,0,0,0,0,0,0,0,0,0,
0,0,0,0,0,0,0,0,0,459,0,0,754,755,755,755,755,755,755,756,0,0,459,0,0,0,0,0,0,0,0,0,
0,0,0,0,303,303,303,303,303,303,303,303,303,303,303,303,303,303,303,303,303,303,303,303,303,303,303,303,0,0,0,0,
0,0,0,0,724,730,695,695,695,695,695,695,695,695,695,695,695,695,695,695,695,695,695,695,695,695,695,726,0,0,0,0,
0,0,0,0,694,725,725,725,725,725,725,725,725,725,725,725,725,730,725,725,725,725,725,725,725,725,725,696,0,0,0,0,
0,0,0,0,694,725,725,730,725,725,725,725,725,725,725,725,725,725,725,725,725,725,730,725,725,730,725,696,0,0,0,0,
0,0,0,0,694,725,725,725,725,725,725,725,730,725,725,725,725,725,725,725,725,725,725,725,725,725,725,696,0,0,0,0,
0,0,0,0,694,725,725,725,725,725,725,725,725,725,725,725,725,725,725,725,725,725,725,725,725,730,725,696,0,0,0,0,
0,0,0,0,694,725,725,725,725,725,725,725,725,725,725,730,725,725,725,725,725,725,725,725,725,725,725,696,0,0,0,0

[Object Layer 1]
# Player1
type=ENTITY_PLAYER1_START
location=3,11,1,1

[Object Layer 1]
# Player2
type=ENTITY_PLAYER2_START
location=27,12,1,1

